0.154864 0.184857 0.252717 0.375922
0.273914 0.276967 0.294012 0.325978
0.129876 0.163965 0.246254 0.385992
0.192535 0.202596 0.238487 0.298094
0.181138 0.193877 0.230983 0.296696
0.161995 0.172784 0.190278 0.213359
0.162612 0.181045 0.219558 0.282433
0.164357 0.181503 0.213219 0.262655
0.209345 0.214310 0.236145 0.274318
0.150305 0.170876 0.206616 0.262582
0.083418 0.120237 0.212082 0.359350
0.151453 0.163621 0.184921 0.216505
0.141400 0.156865 0.192012 0.247445
0.146391 0.158042 0.184555 0.227981
0.147009 0.156539 0.175942 0.206892
0.140866 0.149191 0.164188 0.186363
0.131554 0.138715 0.175193 0.239539
0.133328 0.142215 0.169754 0.219078
0.137916 0.144768 0.158583 0.181583
0.105317 0.116912 0.165200 0.251982
0.125159 0.133867 0.160278 0.208167
0.131308 0.138777 0.155626 0.186152
0.128562 0.134719 0.147415 0.167098
0.101048 0.112116 0.151036 0.228371
0.123647 0.128604 0.138682 0.156058
0.166365 0.164459 0.177515 0.206375
0.162537 0.158054 0.172441 0.201979
0.194179 0.189364 0.197977 0.222915
0.103954 0.108032 0.135813 0.194290
0.105712 0.105157 0.131199 0.192084
0.111676 0.109744 0.131942 0.178113
0.110884 0.114160 0.130468 0.162373
0.107609 0.110756 0.117721 0.129346
0.193377 0.187408 0.195010 0.216192
0.094270 0.096813 0.102315 0.110807
0.186273 0.180864 0.187845 0.209061
