-0.072989 0.072435 0.212148 0.585382
-0.147009 0.012431 0.142332 0.646310
-0.097961 0.020515 0.156884 0.616691
-0.114029 0.006565 0.150106 0.624092
-0.111884 0.020881 0.133275 0.621010
-0.060825 0.050162 0.187508 0.576881
-0.054241 0.054328 0.181392 0.570696
-0.079179 0.031305 0.152721 0.595202
-0.067992 0.024080 0.152203 0.588405
-0.096330 0.027260 0.141969 0.608050
-0.080489 0.010526 0.150990 0.599030
-0.060455 0.027922 0.153218 0.581653
-0.036689 0.016024 0.137470 0.562736
-0.033018 0.013567 0.123819 0.556733
-0.009831 0.025361 0.121339 0.535960
-0.011649 0.023637 0.116415 0.535253
0.017669 0.039200 0.144460 0.508490
0.074644 0.113999 0.197832 0.442365
0.029798 0.035619 0.112369 0.496431
0.033401 0.033695 0.115125 0.492041
0.055693 0.058140 0.142794 0.471662
0.042928 0.036252 0.104624 0.486329
0.083743 0.057074 0.135958 0.444860
0.080813 0.043655 0.122606 0.449738
0.099975 0.116581 0.177358 0.419818
0.067286 0.047108 0.113676 0.462348
0.079183 0.020255 0.106847 0.454624
0.102320 0.089420 0.136628 0.424818
0.111474 0.043129 0.104955 0.421872
0.116864 0.055922 0.100668 0.415816
0.116760 0.054745 0.108895 0.414845
0.120547 0.075635 0.130356 0.409101
0.111130 0.044147 0.091604 0.423641
0.116905 0.038898 0.093435 0.417688
0.122300 0.038705 0.086793 0.413611
0.120739 0.050665 0.091453 0.412838
