0.336333 0.336900 0.337467 0.338035
0.227210 0.234042 0.240884 0.247728
0.209398 0.210096 0.210795 0.211495
0.224651 0.226417 0.228179 0.229939
0.218529 0.221081 0.223632 0.226180
0.240149 0.240874 0.241599 0.242324
0.237981 0.238705 0.239429 0.240154
0.206653 0.207991 0.209330 0.210667
0.195607 0.196295 0.196984 0.197674
0.192114 0.196672 0.201263 0.205887
0.192564 0.193507 0.194450 0.195395
0.194966 0.195951 0.196936 0.197921
0.173421 0.174001 0.174583 0.175165
0.179600 0.180933 0.182266 0.183600
0.173040 0.173603 0.174166 0.174729
0.170509 0.172550 0.174602 0.176664
0.177026 0.177753 0.178481 0.179210
0.305605 0.305931 0.306255 0.306580
0.162039 0.163096 0.164155 0.165217
0.157947 0.159519 0.161100 0.162690
0.172284 0.172848 0.173414 0.173980
0.153379 0.154133 0.154889 0.155646
0.101923 0.102190 0.102457 0.102724
0.121328 0.121620 0.121912 0.122204
0.250128 0.250434 0.250739 0.251046
0.142914 0.143386 0.143859 0.144333
0.140072 0.140711 0.141352 0.141995
0.181720 0.182089 0.182459 0.182831
0.134469 0.134753 0.135038 0.135323
0.128968 0.129224 0.129479 0.129735
0.131196 0.131483 0.131770 0.132058
0.145888 0.146284 0.146682 0.147083
0.126618 0.127473 0.128335 0.129205
0.124690 0.125509 0.126336 0.127173
0.122767 0.123579 0.124402 0.125235
0.120848 0.121604 0.122369 0.123143
