0.000832 0.001525 -0.001486 0.000768 -0.014963 -0.005044 0.017445 0.092820 0.268295 0.608168
-0.006159 0.004032 0.000452 -0.002441 -0.004518 -0.008769 0.024283 0.101892 0.267223 0.570138
-0.009821 -0.000787 0.004428 -0.000557 -0.006836 0.001158 0.020337 0.104228 0.263378 0.548874
-0.022513 0.000917 0.002678 0.004807 -0.002437 0.001122 0.029587 0.097636 0.258348 0.533692
-0.021129 -0.012404 0.004151 0.001412 0.003119 0.007153 0.031194 0.108720 0.245634 0.515594
-0.020327 -0.012844 -0.008331 0.001565 0.002694 0.013350 0.038158 0.108288 0.248655 0.491968
-0.013604 -0.015026 -0.010119 -0.011169 0.003783 0.012169 0.043220 0.108937 0.241295 0.484762
-0.004263 -0.011795 -0.015731 -0.013560 -0.009924 0.013456 0.042390 0.112350 0.240300 0.472304
0.001091 -0.006247 -0.014216 -0.018323 -0.012179 0.001210 0.043324 0.110272 0.239330 0.463146
0.002375 -0.002702 -0.009025 -0.016109 -0.016091 -0.002100 0.033038 0.112212 0.234019 0.453884
0.006894 -0.003713 -0.006116 -0.010105 -0.013739 -0.005683 0.029103 0.097537 0.231595 0.446710
0.014595 -0.001544 -0.007942 -0.008952 -0.009193 -0.004132 0.024244 0.094958 0.216658 0.436867
0.015838 0.004628 -0.007528 -0.009895 -0.006330 0.001830 0.027353 0.088459 0.208711 0.416448
0.015197 0.005498 -0.001210 -0.007753 -0.007248 0.004984 0.032248 0.088152 0.197248 0.396692
0.017882 0.004800 -0.000361 -0.001974 -0.005976 0.002980 0.033781 0.089754 0.190720 0.377276
0.015979 0.009115 -0.000890 -0.001475 0.000554 0.003340 0.030275 0.088178 0.186070 0.363560
0.014658 0.007356 0.002615 -0.001664 0.001874 0.010981 0.031076 0.083582 0.180749 0.349359
0.019154 0.004711 0.000569 0.001438 0.000923 0.012134 0.037266 0.082056 0.172900 0.336121
0.019695 0.007880 -0.001391 -0.000389 0.004399 0.011568 0.037514 0.085963 0.167724 0.321453
0.015581 0.009551 0.002760 -0.001926 0.004183 0.015578 0.037190 0.085357 0.167235 0.306456
0.022910 0.004224 0.003531 0.001406 0.001420 0.012328 0.037891 0.080498 0.162348 0.303978
0.025356 0.009997 -0.003481 0.002005 0.004733 0.010122 0.036201 0.081860 0.157400 0.295119
0.031098 0.009863 0.000879 -0.004737 0.005225 0.014174 0.033441 0.078807 0.155980 0.284034
0.032140 0.015008 0.001226 -0.000559 -0.002416 0.013344 0.035414 0.074502 0.150480 0.278975
0.030997 0.016547 0.006593 -0.000035 0.002146 0.006035 0.035158 0.075723 0.144654 0.270042
0.030713 0.015580 0.007735 0.006037 0.003046 0.010884 0.027570 0.074119 0.143778 0.258182
0.028394 0.015805 0.007472 0.007870 0.009040 0.011559 0.031424 0.065112 0.139242 0.252053
0.028956 0.014910 0.008278 0.006898 0.009437 0.016442 0.030832 0.066853 0.128260 0.247432
0.029920 0.014481 0.006524 0.007690 0.009130 0.018127 0.036019 0.066171 0.129093 0.231585
0.026275 0.017654 0.007435 0.005960 0.009019 0.016554 0.036298 0.069237 0.124851 0.226798
0.027364 0.013823 0.009645 0.006805 0.007546 0.016944 0.034378 0.068532 0.126409 0.220322
0.022768 0.016433 0.007199 0.010294 0.008554 0.015425 0.034293 0.066093 0.123482 0.218703
0.018574 0.013523 0.011257 0.008273 0.011969 0.016431 0.032916 0.065797 0.120550 0.215279
0.015339 0.010438 0.008854 0.012483 0.011030 0.020923 0.034441 0.064491 0.118965 0.208755
0.011416 0.009050 0.007296 0.010951 0.015369 0.018901 0.037727 0.065376 0.115711 0.205445
0.009182 0.006259 0.006018 0.009661 0.013407 0.023134 0.035670 0.068511 0.115833 0.200940
