0.016463 0.057660 0.225763 0.669275
0.027832 0.076186 0.240173 0.606152
0.036708 0.091232 0.239639 0.562729
0.045929 0.085910 0.233828 0.544299
0.051167 0.098932 0.223818 0.515330
0.054922 0.099033 0.225750 0.494249
0.057774 0.099405 0.219535 0.483363
0.054945 0.104154 0.218129 0.463934
0.053541 0.100174 0.218854 0.450962
0.052713 0.107014 0.214677 0.428581
0.051256 0.095584 0.212784 0.427714
0.055008 0.097424 0.200805 0.413722
0.069799 0.103633 0.197714 0.376604
0.073785 0.101238 0.187642 0.368773
0.078281 0.105166 0.183192 0.347670
0.079206 0.106214 0.180227 0.332455
0.083663 0.104440 0.176349 0.319023
0.090083 0.106491 0.169966 0.303457
0.090301 0.108208 0.165900 0.292017
0.089118 0.106663 0.165899 0.281277
0.091333 0.104690 0.162233 0.276587
0.090036 0.105938 0.157942 0.268700
0.089043 0.104714 0.157924 0.259976
0.091417 0.101890 0.152971 0.253292
0.092433 0.103954 0.148747 0.244979
0.089093 0.105111 0.149093 0.235484
0.093075 0.098964 0.145958 0.230175
0.094716 0.102004 0.137383 0.222644
0.098916 0.101603 0.137778 0.210705
0.096986 0.103151 0.133486 0.206721
0.094858 0.101604 0.134093 0.200218
0.093641 0.100146 0.132277 0.198724
0.092316 0.098929 0.129354 0.195495
0.092030 0.096464 0.127816 0.190405
0.092167 0.095617 0.124538 0.186393
0.089990 0.097050 0.123500 0.180770
